### Основные цвета:

| Цвет | Код RGB | Код RGBA |
|-----------------|----------------|------------------|
| Черный | (0, 0, 0) | (0, 0, 0, 1) |
| Белый | (1, 1, 1) | (1, 1, 1, 1) |
| Красный | (1, 0, 0) | (1, 0, 0, 1) |
| Зеленый | (0, 1, 0) | (0, 1, 0, 1) |
| Синий | (0, 0, 1) | (0, 0, 1, 1) |
| Желтый | (1, 1, 0) | (1, 1, 0, 1) |
| Cyan (голубой) | (0, 1, 1) | (0, 1, 1, 1) |
| Magenta (пурпурный) | (1, 0, 1) | (1, 0, 1, 1) |

### Примеры комбинаций цветов:

| Название | Код RGB | Код RGBA |
|------------------|----------------|-----------------|
| Серый | (0.5, 0.5, 0.5) | (0.5, 0.5, 0.5, 1) |
| Светло-серый | (0.7, 0.7, 0.7) | (0.7, 0.7, 0.7, 1) |
| Темно-синий | (0, 0, 0.5) | (0, 0, 0.5, 1) |
| Оранжевый | (1, 0.5, 0) | (1, 0.5, 0, 1) |
| Фиолетовый | (0.5, 0, 0.5) | (0.5, 0, 0.5, 1) |
| Красно-коричневый| (0.5, 0.25, 0) | (0.5, 0.25, 0, 1) |